image,class_id,rle_mask
img_0307.png,['shoes' 'pants' 'dress' 'coat' 'shirt'],"['129479 4 130302 20 131126 27 131950 29 132774 31 133599 32 134421 36 135246 37 136067 41 136892 42 137715 44 138538 46 139361 49 140186 49 141008 53 141830 56 142653 58 143471 66 144295 67 145120 67 145945 68 146770 68 147595 68 148420 68 149245 69 150070 69 150895 69 151720 70 152545 70 153370 69 154195 69 155020 69 155845 68 156670 68 157495 68 158320 68 159145 68 159970 68 160795 68 161620 67 162445 66 163270 66 164095 65 164920 65 165745 64 166570 63 167395 14 167424 34 168220 11 168258 17 169045 8 169087 10 169870 6 170695 3 171520 2 201209 7 202024 2 202030 21 202847 31 203669 37 204494 37 205319 38 206144 38 206969 39 207794 39 208619 39 209444 40 210269 40 211094 40 211919 40 212744 40 213569 40 214394 41 215219 41 216044 41 216869 41 217694 41 218519 41 219344 41 220169 41 220994 42 221819 42 222644 42 223469 43 224294 43 225119 44 225944 45 226769 46 227594 47 228419 48 229244 49 230069 50 230894 51 231720 52 232547 50 233373 50 234199 49 235026 48 235852 47 236678 47 237505 45 238332 43 239158 42 239986 40 240811 40 241637 40 242464 38 243290 37 244116 36 244942 35 245768 34 246593 34 247418 35 248245 33 249071 32 249897 31 250722 32 251548 31 252374 30 253200 29 254026 28 254852 27 255678 26 256509 20 257336 18 258161 18 258986 18 259811 18 260636 18 261461 18 262287 16 263112 16 263937 15 264762 15 265588 14 266414 13 267239 13 268066 11 268892 8 269718 5'
 '133305 4 133311 35 134129 42 134954 42 135779 42 136604 42 137430 41 138260 36 139085 37 139911 36 140736 36 141561 36 142388 34 143214 34 144040 33 144867 31 145693 30 146519 29 147344 29 148110 2 148169 30 148933 6 148994 30 149752 13 149819 25 150577 15 150644 24 151402 16 152227 17 153052 19 153877 21 154702 22 155527 24 156352 26 157177 28 158003 28 158828 31 159653 39 159719 7 160479 43 160543 11 161304 47 161368 15 162129 50 162193 18 162954 55 163017 27 163779 91 164604 93 165429 101 166254 102 167079 102 167904 102 168729 102 169555 101 170380 101 171205 101 172031 100 172856 100 173681 100 174506 100 175332 99 176157 99 176982 99 177805 100 178630 100 179455 100 180280 99 181104 100 181929 100 182754 100 183579 100 184404 100 185229 100 186054 99 186879 99 187704 98 188529 98 189354 98 190179 97 191004 94 191829 82 191916 6 192653 81 193478 81 194302 82 195127 82 195952 91 196777 95 197602 95 198426 96 199251 96 200074 98 200898 99 201721 101 202545 102 203369 103 204193 104 205012 110 205837 110 206662 110 207487 111 208312 111 209136 112 209958 115 210779 119 211600 123 212420 128 213243 130 214062 136 214884 139 215700 148 216525 148 217350 148 218175 148 219003 145 219831 142 220657 141 221483 140 222313 136 223139 135 223967 132 224796 129 225622 128 226448 127 227273 127 228098 127 228923 127 229746 129 230571 129 231396 129 232221 130 233046 130 233871 130 234698 129 235529 123 236356 121 237189 113 238017 111 238851 102 239678 100 240506 96 241331 96 242156 96 242981 89 243806 89 244631 85 245457 82 246282 82 247107 82 247933 81 248758 61 249583 58 250411 50 251236 47 252061 24 252886 21'
 ''
 '114916 41 115739 46 116513 101 117335 107 117477 9 117563 4 118151 133 118295 32 118376 18 118973 139 119117 39 119163 7 119179 5 119199 20 119789 255 120611 258 121433 261 122254 264 123078 264 123901 265 124725 266 125549 266 126373 267 127198 266 128022 267 128847 267 129671 268 130496 268 131321 268 132145 268 132970 267 133795 267 134619 268 135444 268 136268 269 137093 269 137918 269 138742 270 139567 270 140392 270 141216 271 142041 271 142866 271 143690 273 144515 273 145340 274 146164 275 146989 275 147813 285 148638 289 149463 289 150287 290 151112 290 151937 290 152761 291 153586 291 154411 291 155235 292 156060 292 156885 292 157709 294 158534 294 159359 294 160183 296 161008 296 161833 296 162657 297 163482 297 164307 297 165130 299 165955 299 166779 300 167604 300 168428 301 169252 303 170076 304 170900 305 171724 307 172549 307 173374 307 174199 307 175024 308 175849 308 176674 308 177499 306 178323 307 179148 307 179973 307 180798 306 181623 306 182452 302 183279 300 184106 298 184933 296 185761 293 186588 291 187415 289 188242 287 189071 283 189898 281 190727 277 191554 275 192383 270 193211 267 194039 263 194867 260 195696 256 196523 254 197351 251 198179 247 199005 246 199833 241 200661 237 201488 233 202315 230 203142 227 203967 226 204794 218 205621 216 206448 214 207275 12 207290 197 208102 8 208115 197 208928 7 208940 196 209757 3 209765 193 210590 189 211415 185 212240 180 213066 177 213896 166 214725 159 215560 140 216385 140 217210 140 218035 140 218860 143 219684 147 220508 149 221332 151 222155 158 222980 159 223803 164 224626 170 225450 172 226271 177 227081 6 227096 177 227904 8 227921 177 228700 7 228710 28 228746 177 229513 50 229570 176 230337 234 231160 236 231983 238 232808 238 233631 240 234455 243 235279 250 236102 254 236925 264 237749 268 238573 278 239397 281 240221 285 241046 285 241870 286 242695 286 243521 285 244347 284 245172 285 245998 284 246823 284 247649 284 248474 284 249300 283 250125 283 250951 282 251777 281 252603 280 253428 276 254254 273 255079 272 255905 269 256730 253 257557 251 258382 251 259208 250 260033 250 260859 249 261684 249 262510 248 263335 248 264162 247 264989 248 265816 246 266644 243 267473 239 268305 232 269135 227 269968 219 270797 215 271630 207 272459 203 273294 193 274123 189 274966 171 275795 167 276636 150 277465 146 278308 128 279137 124 279976 110 280804 112 281659 81 282488 77 283329 60 284158 56 285015 23 285845 17'
 '122518 3 123342 10 124166 13 124991 14 125815 16 126640 16 127464 17 128289 17 129114 17 129939 17 130764 17 131589 17 132413 18 133237 19 134062 19 134887 19 135712 19 136537 19 137362 19 138187 19 139012 19 139837 19 140662 19 141487 20 142312 20 143137 20 143963 20 144788 20 145614 20 146439 20 147264 21 148098 12 148927 6 181620 3 182439 13 183263 16 184088 18 184913 20 185738 23 186563 25 187388 27 188213 29 189038 33 189865 33 190691 36 191517 35 192343 34 193168 34 193994 33 194820 32 195646 31 196471 31 197297 14 198123 11 198948 8 199774 5 200599 4 201425 3 276786 4 277611 5 278436 5 279261 5 280086 5']"
img_0079.png,['shoes' 'pants' 'dress' 'coat' 'shirt'],"['142683 5 143508 6 144332 8 145157 9 145982 14 146805 17 147629 18 148454 18 149279 19 150103 20 150928 20 151752 21 152577 21 153401 22 154226 22 155051 22 155876 22 156699 24 157523 25 158347 26 159170 28 159994 29 160781 6 160817 31 161605 29 161642 31 162430 29 162466 32 163255 31 163291 32 164080 32 164116 32 164904 69 165728 70 166551 72 167374 74 168199 74 169024 74 169850 73 170676 72 171501 72 172326 72 173151 71 173976 71 174801 70 175626 70 176450 71 177275 71 178099 72 178924 72 179749 72 180573 72 181398 71 182222 71 183047 71 183871 70 184696 69 185520 68 186345 67 187169 64 187993 62 188817 59 189642 57 190466 56 191290 56 192114 55 192937 56 193761 55 194586 53 195411 52 196236 50 197061 49 197887 47 198712 45 199539 43 200364 42 201189 42 202014 42 202839 39 203665 37 204491 34 205318 32 206143 31 206969 28 207794 28 208620 27 209445 26 210270 23 211096 21 211921 18 212748 16 213575 12 214403 7 215231 2 226795 5 227619 8 228443 10 229268 12 230090 16 230914 19 230955 6 231738 22 231779 10 231791 5 232562 23 232603 22 233375 35 233427 23 234199 36 234251 27 235024 35 235074 29 235849 35 235897 31 236680 29 236720 33 237505 73 238324 80 239149 80 239974 80 240799 80 241624 80 242449 80 243273 81 244097 82 244921 83 245745 84 246570 83 247395 83 248218 84 249043 84 249867 85 250692 84 251515 85 252340 85 253163 86 253987 87 254811 87 255635 88 256459 89 257282 88 258107 85 258932 84 259757 83 260582 67 261407 65 262232 63 263057 61 263885 52 264711 49 265537 46 266362 46 267188 45 268015 43 268840 43 269666 49 270491 50 271316 52 272142 51 272968 50 273794 19 273821 22 274619 19 274646 22 275445 17 276271 16 277098 13 277925 9 278751 8 279580 2'
 ''
 '148972 3 149780 20 150589 36 151411 39 152205 2 152221 54 153030 70 153854 71 154670 80 155488 87 156301 99 157126 99 157952 101 158777 105 159603 128 159820 11 160428 148 160642 17 161255 146 161442 42 162080 146 162264 46 162906 145 163056 79 163732 144 163878 82 164557 228 165383 227 166208 228 167034 227 167859 227 168685 227 169510 227 170336 226 171161 226 171987 225 172812 225 173637 225 174462 225 175288 224 176113 224 176939 223 177764 223 178590 222 179415 222 180240 222 181065 222 181890 222 182716 221 183541 221 184367 220 185192 220 186017 220 186842 220 187667 220 188492 220 189317 220 190142 220 190967 220 191792 220 192617 220 193443 219 194268 219 195093 219 195919 218 196744 218 197569 218 198394 218 199219 218 200044 218 200869 218 201694 218 202519 218 203344 218 204169 218 204994 218 205819 218 206644 218 207469 218 208294 218 209119 218 209945 217 210770 217 211595 217 212420 217 213245 217 214070 217 214895 217 215720 217 216545 217 217370 217 218195 217 219020 217 219845 216 220670 216 221495 216 222320 216 223145 215 223970 215 224796 214 225621 214 226446 214 227271 214 228096 214 228921 214 229746 214 230571 214 231396 214 232221 214 233046 214 233871 213 234696 213 235522 212 236347 211 237172 211 237997 211 238823 209 239648 209 240473 209 241298 208 242123 208 242948 208 243774 207 244599 207 245424 207 246249 207 247073 208 247898 208 248723 208 249547 209 250372 209 251196 210 252021 210 252846 210 253671 210 254496 210 255321 210 256146 210 256971 210 257795 211 258620 211 259445 211 260269 212 261094 212 261918 213 262743 51 262805 151 263568 40 263630 151 264392 35 264455 151 265217 31 265293 138 266042 29 266120 136 266867 27 266949 132 267692 26 267777 129 268516 24 268603 128 269341 22 269433 123 270166 6 270259 122 270991 3 271084 121 271909 121 272734 120 273559 39 273648 31 274384 30 274478 25 275312 15 276140 11'
 ''
 '122354 5 123179 9 124000 3 124006 8 124823 5 124831 8 125646 7 125656 8 126465 13 126481 8 127290 25 128114 26 128928 2 128935 30 129753 2 129759 31 130578 2 130583 32 131403 38 132228 38 133053 38 133131 18 133872 45 133956 18 134697 45 134781 18 135519 48 135606 18 136343 50 136431 18 137166 52 137256 18 137983 60 138081 18 138807 62 138906 18 139630 64 139731 18 140453 67 140556 18 141276 69 141381 18 142100 71 142206 18 142923 73 143023 26 143747 75 143846 28 144571 77 144659 40 145394 79 145478 46 146218 80 146300 50 147042 133 147865 135 148690 135 148858 7 149513 137 149680 12 150337 138 150502 17 151161 139 151324 21 151984 141 152146 25 152809 141 152968 29 153633 142 153790 32 154457 143 154607 42 155280 145 155428 46 156105 196 156930 196 157754 198 158578 199 159401 202 160225 203 161049 206 161873 207 162697 209 163520 212 164345 212 165169 214 165993 215 166807 4 166817 217 167631 6 167641 218 168456 6 168465 220 169281 229 170106 230 170931 230 171756 231 172581 231 173406 231 174231 231 175056 232 175882 231 176707 232 177532 232 178357 233 179182 233 180011 229 180837 228 181662 228 182487 229 183311 230 184136 231 184960 232 185785 232 186610 232 187434 233 188259 233 189083 234 189908 234 190733 234 191559 233 192384 233 193209 234 194035 233 194860 233 195685 234 196510 234 197335 234 198160 234 198985 234 199810 234 200635 234 201460 234 202285 234 203109 235 203934 235 204759 235 205582 237 206407 237 207231 238 208056 238 208881 238 209706 239 210531 239 211356 239 212181 239 213002 243 213815 255 214640 255 215465 255 216290 255 217115 255 217940 255 218765 255 219589 256 220414 256 221240 5 221252 243 222077 243 222902 243 223727 243 224552 244 225377 244 226202 244 227027 244 227852 244 228677 244 229502 244 230327 244 231152 244 231977 244 232802 244 233627 244 234452 244 235277 245 236102 245 236927 245 237751 246 238576 247 239401 247 240226 247 241050 248 241875 248 242699 249 243524 250 244349 250 245174 250 245999 250 246824 249 247649 249 248474 249 249299 248 250124 248 250949 247 251766 4 251772 249 252588 258 253413 258 254238 258 255063 258 255888 258 256711 260 257536 259 258361 259 259186 259 260011 258 260836 258 261662 256 262487 256 263313 255 264138 254 264963 52 265093 124 265789 42 265921 121 266614 35 266752 115 267441 32 267577 115 268267 28 268402 114 269093 25 269227 114 269919 15 270052 114 270744 14 270877 112 271571 12 271702 63 271774 26 272396 12 272526 64 272603 19 273221 12 273344 71 274048 10 274160 80 274875 8 274924 5 274956 4 274978 87 275701 7 275746 40 275799 91 276527 6 276566 45 276618 97 277353 5 277389 47 277441 99 278179 2 278198 167 279020 170 279840 175 280663 181 281487 183 282307 188 283132 189 283958 188 284783 188 285609 187 286434 187 287260 186 288087 184 288912 184 289738 183 290564 182 291389 137 291536 32 292215 134 292363 27 293041 131 293188 24 293867 129 294014 20 294692 127 295517 125 296343 123 297169 122 297994 121 298820 119 299646 117 300471 117 301297 114 302122 114 302949 112 303775 110 304602 107 305429 104 306263 94 307090 92 307925 80 308756 74 309587 67 310415 63 311245 57 312073 54 312903 47 313731 43 314560 39 315387 36 316215 32 317043 28 317871 24 318698 20 319531 11 320360 5']"
img_0352.png,['shoes' 'pants' 'dress' 'coat' 'shirt'],"['177328 3 178150 9 178963 21 179788 21 180612 22 181436 23 182260 24 183084 25 183909 25 184732 27 185555 28 186378 29 187201 31 188023 33 188846 35 189668 38 190492 39 191316 41 192140 42 192964 40 193787 42 194612 41 195436 41 196261 40 197087 38 197912 36 198737 36 199561 37 200386 37 201211 37 202035 38 202860 39 203685 40 204510 40 205335 40 206161 40 206986 40 207811 41 208637 41 209462 45 210288 43 211113 42 211938 35 212763 35 213588 35 214413 35 215238 42 216063 42 216888 42 217713 42 218538 43 219360 46 220185 46 221010 47 221836 46 222661 46 223487 45 224314 44 225140 43 225965 43 226790 3 226797 36 227623 35 228450 33 229275 33 230099 34 230924 33 231748 34 232573 33 233398 33 234223 31 235047 31 235872 30 236697 30 237522 30 238347 30 239172 30 239997 30 240822 28 241648 26 242478 20 243303 20 244123 24 244949 23 245774 23 246600 22 247425 22 248251 23 249076 23 249901 22 250726 22 251558 15 252383 15 253208 15 254039 9 254865 8 255690 8 256516 7'
 ''
 '154787 121 155598 137 156416 146 157241 146 158008 3 158066 146 158833 4 158891 146 159607 12 159658 7 159716 147 160431 15 160478 13 160541 147 161256 19 161296 24 161366 147 162081 19 162121 26 162191 148 162906 19 162946 33 163016 148 163731 19 163755 66 163840 149 164556 93 164663 151 165395 82 165487 152 166220 244 167045 244 167870 244 168695 244 169523 241 170349 240 171174 240 171999 240 172824 241 173649 241 174472 243 175294 247 176106 260 176929 263 177750 267 178571 271 179396 271 180221 271 181046 271 181871 271 182696 271 183521 271 184346 271 185171 271 185996 271 186821 271 187646 271 188471 271 189296 271 190121 272 190946 272 191771 272 192597 271 193422 271 194247 271 195073 270 195898 270 196723 270 197548 270 198373 270 199198 270 200023 270 200848 270 201673 270 202498 270 203323 270 204148 270 204973 270 205798 270 206623 270 207448 270 208273 270 209098 270 209923 270 210748 270 211573 270 212398 270 213223 270 214048 270 214873 270 215698 270 216523 270 217348 270 218173 271 218998 271 219823 272 220648 272 221473 271 222298 271 223123 270 223948 270 224773 269 225598 269 226423 269 227248 269 228073 268 228898 268 229723 268 230548 268 231373 268 232198 268 233023 268 233848 268 234673 268 235498 268 236323 268 237148 268 237973 268 238798 268 239623 268 240448 268 241273 268 242098 268 242923 268 243748 268 244573 268 245398 268 246223 268 247048 268 247873 268 248698 268 249523 268 250348 268 251173 268 251998 268 252823 268 253648 268 254473 268 255298 268 256123 268 256948 268 257773 268 258598 267 259423 267 260248 267 261074 265 261899 265 262724 265 263549 265 264374 265 265199 265 266024 265 266849 265 267674 265 268499 265 269324 267 270149 267 270974 267 271799 267 272624 265 273449 265 274275 264 275102 262 275930 259 276757 257 277585 254 278410 254 279236 253 280061 253 280886 253 281711 253 282536 253 283392 223 284220 220 285053 212 285881 210 286718 198 287547 194 288378 188 289205 28 289238 153 290034 8 290067 149 290894 147 291747 119 292576 115 293412 104 294244 97 295077 89 295906 85 296744 72 297572 69 298408 58 299237 54 300075 41 300904 37 301740 26 302568 23 303400 15 304228 10'
 '132339 21 133149 58 133971 77 134786 91 135607 99 136392 156 137215 161 138031 172 138853 177 139669 186 140491 187 141311 191 142132 194 142955 196 143774 202 144594 206 145417 208 146237 213 147058 217 147880 220 148701 224 149524 226 150348 228 151171 230 151995 232 152818 234 153642 236 154466 238 155290 240 156113 244 156932 251 157757 251 158581 252 159406 201 159619 39 160231 200 160446 32 161055 201 161275 21 161880 201 162100 21 162704 202 162925 21 163529 202 163750 5 164353 203 165178 217 166002 218 166827 218 167651 219 168474 221 169299 210 170123 205 170948 202 171772 198 172596 199 173420 200 174245 200 175069 201 175894 198 176718 196 177543 190 178368 187 179193 181 180017 179 180842 176 181668 172 182493 169 183319 164 184144 161 184973 152 185798 150 186624 143 187449 138 188273 136 189098 129 189922 127 190746 117 191571 112 192395 98 193220 74 194050 62 194875 47 195704 36 196541 14 256783 25 257608 29 258433 63 258514 5 259258 67 259336 10 260083 111 260901 121 261724 128 262548 132 263351 6 263373 138 264176 7 264198 140 265002 6 265021 148 265827 7 265846 150 266652 8 266671 155 267477 12 267496 157 268302 13 268321 161 269127 15 269146 163 269952 186 270777 188 271602 191 272427 193 273252 197 274077 198 274902 200 275727 203 276552 205 277377 208 278203 207 279028 208 279853 208 280678 208 281504 207 282330 206 283155 203 283980 203 284806 202 285631 202 286456 202 287282 201 288107 201 288933 200 289759 199 290584 199 291410 199 292235 203 293060 210 293886 222 294711 224 295537 225 296363 227 297189 228 298014 236 298840 241 299665 241 300490 5 300499 232 301325 231 302151 230 302977 227 303804 225 304629 224 305456 222 306283 220 307110 217 307937 215 308764 213 309598 204 310434 193 311268 185 312096 182 312925 178 313752 176 314584 169 315412 167 316241 8 316252 152 317080 65 317151 5 317158 71 317914 43 317985 69 318743 36 318812 48 318868 11 319642 42 319697 3 320474 32'
 '169509 14 170328 21 171150 24 171970 29 172795 29 173620 29 174445 27 175270 24 176092 14 176914 15 177733 17 178555 16 179374 22 180196 25 181018 28 181840 31 182662 34 183483 38 184305 41 185125 46 185948 48 186767 54 187587 59 188409 62 189227 69 190049 72 190863 83 191683 88 192493 104 193294 128 194045 5 194112 135 194869 6 194922 151 195694 10 195740 158 196519 22 196555 168 197344 204 198168 205 198991 207 199815 208 200639 209 201463 210 202287 211 203111 212 203935 213 204759 214 205584 214 206408 215 207233 215 208058 215 208883 215 209711 212 210538 210 211365 208 212191 207 213017 206 213843 205 214669 204 215495 203 216321 202 217146 202 217973 200 218798 200 219624 199 220450 198 221275 198 222101 197 222927 196 223753 195 224579 194 225404 194 226229 194 227054 194 227879 194 228704 194 229529 194 230354 194 231179 194 232004 194 232829 194 233654 194 234479 194 235303 195 236128 195 236953 195 237776 197 238601 197 239425 198 240250 198 241074 199 241898 200 242722 201 243547 201 244371 202 245195 203 246019 204 246842 206 247666 207 248490 208 249314 209 250139 209 250964 209 251789 209 252614 209 253440 208 254266 207 255092 206 255918 205 256744 39 256808 140 257571 37 257637 136 258398 35 258496 18 258519 79 259225 33 259325 11 259346 77 260050 33 260194 54 260875 26 261022 52 261701 23 261852 47 262526 22 262680 44 263357 16 263511 38 264183 15 264338 36 265008 13 265169 30 265834 12 265996 28 266660 11 266826 23 267489 7 267653 21 268315 6 268482 17 269142 4 269309 15 270138 11 270965 9 271793 6 272620 4']"
img_0660.png,['shoes' 'pants' 'dress' 'coat' 'shirt'],"['176456 6 176520 4 177279 9 177342 13 178104 11 178156 27 178929 13 178978 33 179754 84 180579 85 181404 86 182229 86 183054 87 183879 87 184704 87 185529 88 186354 88 187179 88 188004 89 188829 89 189654 89 190479 89 191304 89 192130 88 192955 88 193781 87 194607 86 195432 86 196257 85 197081 86 197906 86 198731 85 199556 85 200381 84 201206 84 202031 83 202856 83 203681 82 204506 81 205331 81 206156 79 206981 78 207806 77 208631 41 208686 21 209458 31 210286 24 226837 10 227657 20 228479 28 229300 33 230122 36 230934 49 231756 53 232568 66 233390 70 234214 71 235039 71 235864 71 236689 71 237514 71 238339 71 239164 71 239989 71 240814 71 241639 71 242464 71 243289 71 244114 71 244939 16 244973 37 245766 13 245804 31 246592 9 246629 31 247421 2 247456 29 248281 29 249106 29 249931 28 250756 28 251581 28 252406 27 253231 27 254056 27 254881 27 255706 25 256531 24 257356 23 258181 21 259006 19 259835 13'
 '159769 20 160590 35 161402 58 162224 102 163048 106 163872 115 164696 124 165521 127 166345 134 167170 136 167995 140 168820 145 169645 154 170468 159 171293 172 172117 177 172941 188 173765 193 174589 200 175413 204 176236 209 177058 216 177883 221 178708 221 179533 221 180359 220 181184 220 182010 219 182835 219 183661 218 184486 218 185312 217 186137 217 186962 217 187787 217 188612 217 189437 217 190261 218 191086 218 191910 220 192735 220 193560 221 194385 222 195210 222 196035 75 196121 136 196860 72 196949 132 197685 65 197783 123 198510 62 198612 119 199334 52 199449 27 199488 68 200159 49 200277 21 200318 63 200983 41 201151 55 201808 38 201978 53 202633 29 202820 36 203460 24 203653 28 204285 17 204482 24 205110 14 205309 7 205322 9 205935 9 206149 7 206760 6 206975 6 207585 3 207803 3 234194 20 235016 23 235628 20 235658 24 235811 16 235840 24 236453 60 236634 21 236663 26 237278 65 237444 70 238104 67 238265 74 238930 70 239024 140 239756 74 239840 149 240581 233 241406 233 242231 233 243056 233 243882 232 244707 232 244955 18 245532 234 245779 25 246357 235 246601 28 247183 238 247423 33 248008 273 248833 273 249658 273 250483 273 251308 273 252133 273 252958 273 253783 273 254609 272 255434 272 256259 272 257084 272 257910 271 258735 269 259561 265 260386 247 261212 222 261447 9 262037 209 262862 206 263687 185 264513 180 265338 169 266163 166 266988 142 267813 139 268638 133 269463 129 270292 116 271117 113 271948 18 272006 36 272775 13 272833 31'
 ''
 '117469 5 118289 11 119112 13 119930 18 120753 20 121573 25 122394 33 123215 37 124035 43 124858 45 125682 46 126505 49 127328 52 128142 63 128964 67 129786 70 130609 73 131425 82 132222 4 132246 87 133046 10 133070 89 133869 14 133893 91 134693 117 134985 5 135517 118 135808 8 136342 118 136632 9 137165 121 137456 10 137990 122 138280 11 138815 122 139103 13 139639 123 139927 14 140464 123 140751 16 141289 123 141575 17 142114 121 142397 21 142937 123 143216 27 143761 123 144039 30 144581 128 144858 38 145401 132 145680 43 146225 133 146500 48 147045 137 147323 50 147866 141 148119 8 148143 57 148690 142 148944 12 148966 60 149513 144 149769 82 150336 146 150594 83 151159 148 151417 86 151981 151 152241 87 152805 152 153064 89 153628 154 153888 90 154453 154 154650 150 155275 158 155472 153 156099 159 156289 161 156922 161 157111 164 157746 163 157913 3 157934 166 158570 164 158737 4 158756 169 159394 172 159579 171 160218 173 160401 174 161041 175 161223 177 161866 175 162045 179 162690 358 163514 358 164339 357 165163 358 165988 357 166811 359 167635 360 168459 361 169284 361 170109 359 170932 361 171756 361 172579 362 173403 362 174226 363 175048 365 175871 365 176694 364 177518 365 178341 367 179164 369 179989 370 180811 373 181636 374 182458 377 183282 379 184106 380 184931 381 185755 382 186570 392 187395 392 188220 392 189045 392 189871 390 190696 390 191521 389 192346 389 193171 56 193229 331 193996 53 194056 329 194821 52 194885 325 195647 48 195710 325 196472 29 196515 5 196536 324 197297 26 197361 324 198122 24 198186 324 198947 24 199011 323 199772 23 199836 323 200597 22 200661 322 201422 22 201484 324 202247 22 202309 324 203074 19 203134 324 203901 17 203959 324 204727 16 204784 324 205553 15 205609 324 206379 14 206434 324 207205 2 207259 324 208083 325 208908 323 209733 321 210557 319 211382 316 212207 313 213032 310 213856 310 214681 305 215506 303 216330 304 217155 303 217979 304 218804 304 219629 303 220453 303 220770 2 221278 303 221590 11 222103 303 222410 16 222927 325 223751 326 224576 326 225401 326 226226 326 227051 326 227875 328 228699 329 229524 330 230349 330 231173 331 231997 332 232822 331 233647 331 234471 332 235295 333 236119 334 236944 334 237767 337 238591 339 239381 14 239415 341 240205 16 240239 342 241029 17 241062 344 241853 17 241886 345 242678 17 242710 346 243501 19 243534 348 244324 21 244357 350 245147 24 245180 352 245970 30 246004 353 246795 30 246828 355 247621 387 248446 387 249272 386 250097 386 250922 386 251747 386 252572 386 253397 386 254222 387 255047 387 255872 387 256697 387 257522 388 258347 388 259172 389 259997 389 260822 390 261648 389 262473 389 263298 389 264124 389 264949 389 265775 388 266601 387 267426 387 268251 387 269078 385 269904 388 270731 386 271557 391 272384 391 273212 388 274037 388 274862 388 275687 391 276512 392 277339 390 278168 387 278995 386 279826 381 280653 379 281480 377 282307 375 283133 168 283305 202 283963 163 284132 200 284790 161 284961 196 285619 157 285787 195 286445 156 286614 194 287270 157 287440 194 288096 157 288267 193 288921 158 289094 192 289748 158 289922 190 290574 157 290749 188 291399 158 291575 188 292227 156 292402 187 293054 155 293231 184 293881 153 294061 179 294707 153 294889 176 295534 152 295718 172 296361 151 296545 170 297187 151 297373 167 298014 150 298202 163 298840 150 299030 161 299670 146 299863 154 300496 146 300692 151 301323 146 301521 148 302150 144 302348 146 302978 142 303176 143 303807 138 304002 142 304637 134 304834 135 305465 131 305661 132 306294 127 306491 104 306598 20 307123 123 307316 101 307435 6 307948 124 308144 95 308773 124 308971 92 309598 124 309799 88 310423 125 310626 84 311250 123 311455 78 312077 8 312091 108 312282 73 312906 4 312925 99 313107 67 313733 2 313751 99 313932 64 314580 95 314757 55 315406 96 315580 54 316235 92 316404 49 317061 91 317226 50 317890 88 318051 47 318717 86 318875 46 319546 83 319700 46 320375 80 320525 44 321205 75 321350 42 322033 72 322175 40 322867 64 323000 38 323696 60 323825 36 324529 53 324650 35 325357 50 325475 33 326185 48 326300 32 327014 44 327127 27 327848 36 327956 20 328675 34 328785 15 329501 34 330326 34 331159 27 331987 24 332821 15 333649 12 334477 7 335305 3'
 '136530 3 137352 9 138112 22 138175 14 138937 26 138996 20 139762 35 139818 25 140587 39 140643 28 141412 87 142235 93 143060 95 143884 99 144709 101 145533 104 146358 108 147182 111 148007 112 148832 112 149657 112 150482 112 151307 110 152132 109 152957 107 153782 106 154607 43 155433 39 156258 31 157083 28 157909 4 157916 18 158734 3 158741 15 159566 13 160391 10 161216 7 162041 4 193227 2 194049 7 194873 12 195695 15 196501 14 196520 16 197323 38 198146 40 198971 40 199795 41 200619 42 201444 40 202269 40 203093 41 203918 41 204743 8 204755 29 205568 7 205581 28 206393 5 206407 27 207233 26 208059 24 208884 24 209709 24 210535 22 211360 22 212185 22 213010 22 213835 21 214660 21 215485 21 216309 21 217133 22 217958 21 218782 22 219607 22 220432 21 221256 22 222081 22 222905 22 223729 22 224554 22 225378 23 226203 23 227026 25 227851 24 228674 25 229499 25 230323 26 231147 26 231971 26 232795 27 233620 27 234445 26 235270 25 236095 24 236920 24 237745 22 238570 21 239395 20 240223 16 241048 14 241873 13 242698 12 243523 11 244348 9 245173 7 246000 4 246825 3 283301 4 284126 6 284951 10 285776 11 286601 13 287427 13 288253 14 289079 15 289906 16 290731 18 291557 18 292383 19 293209 22 294034 27 294860 29 295686 32 296512 33 297338 35 298164 38 298990 40 299816 47 300642 50 301469 52 302294 54 303120 56 303945 57 304771 63 305596 65 306421 70 307246 70 308072 72 308897 74 309722 77 310548 78 311373 82 312199 81 313024 81 313850 80 314675 80 315502 78 316327 77 317152 74 317978 73 318803 72 319629 71 320455 70 321280 70 322105 70 322931 69 323756 69 324582 68 325407 68 326233 67 327058 61 327884 58 328709 57 329535 54 330360 53 331186 10 331204 31 332011 7 332041 16 332836 6 333663 2']"
img_0208.png,['shoes' 'pants' 'dress' 'coat' 'shirt'],"['159992 5 160817 9 161641 19 162465 21 163285 26 164107 29 164930 30 165753 32 166578 32 167403 32 168227 33 169052 33 169876 34 170701 34 171525 35 172350 35 173175 34 174000 34 174824 35 175649 34 176453 4 176474 34 177278 4 177299 33 178103 4 178123 34 178928 4 178948 34 179753 4 179773 34 180579 3 180598 34 181423 34 182248 34 183073 34 183898 33 184723 33 185549 31 186374 31 187199 30 188025 29 188850 29 189675 28 190501 26 191326 26 192152 23 192977 20 193802 18 194627 13 195451 12 196276 10 199571 5 200395 6 201219 7 202043 8 202856 2 202867 9 203678 7 203690 11 204503 23 205328 23 206153 23 206978 22 207810 15 208637 13 209467 8 210294 6 211121 4 236722 7 237546 10 238369 15 239192 17 240015 19 240833 27 241658 27 242482 28 243306 33 244130 34 244954 35 245778 35 246603 34 247428 34 248253 34 249078 34 249903 34 250728 34 251553 34 252377 35 253202 35 254027 35 254853 34 255678 34 256503 33 257328 33 258154 32 258979 32 259805 31 260630 30 261456 29 262281 28 263106 28 263931 28 264756 28 265581 28 266406 27 267231 27 268056 26 268881 26 269706 25 270531 25 271358 21 272184 18 273009 16'
 '153226 7 154051 10 154743 5 154876 38 155554 5 155565 11 155578 5 155690 3 155701 40 156360 69 156512 11 156526 48 157185 75 157334 67 158010 89 158109 10 158152 85 158835 93 158931 16 158966 108 159660 112 159787 118 160484 113 160610 122 161306 116 161425 144 162130 266 162946 278 163766 295 164591 297 165415 299 166239 301 167064 303 167889 304 168714 306 169540 306 170365 307 171190 308 172015 309 172841 309 173666 309 174491 310 175316 311 176141 312 176966 312 177791 312 178616 312 179441 312 180266 313 181091 315 181916 315 182742 314 183567 313 184392 313 185217 312 186043 311 186868 310 187693 310 188518 310 189343 310 190168 310 190993 310 191818 310 192643 310 193468 310 194293 310 195118 310 195943 310 196768 310 197593 310 198418 309 199243 309 200069 308 200894 308 201719 309 202544 309 203370 257 203629 49 204195 160 204363 81 204456 47 205020 160 205190 75 205282 46 205845 160 206020 20 206043 45 206107 46 206670 160 206847 15 206870 43 206933 45 207495 160 207700 35 207758 45 208319 162 208485 4 208525 33 208584 43 209143 174 209352 30 209409 42 209966 179 210179 27 210235 41 210780 192 211004 26 211060 41 211604 194 211831 22 211887 39 212424 201 212656 20 212716 35 213248 204 213484 15 213542 34 214073 207 214369 32 214898 209 215195 31 215728 208 216021 29 216554 209 216847 28 217387 204 217673 27 218215 203 218498 26 219043 203 219325 24 219868 205 220151 22 220693 209 220976 22 221518 211 221802 19 222343 214 222628 17 223168 216 223453 16 223993 219 224279 14 224818 222 225105 12 225643 225 225931 7 226468 226 226758 4 227293 230 228118 233 228943 235 229768 236 230592 241 231417 244 231697 15 232242 246 232520 19 233066 249 233343 23 233891 252 234167 26 234716 254 234990 28 235541 256 235814 30 236366 258 236637 33 237191 262 237460 36 238016 263 238283 40 238841 309 239666 311 240491 315 241316 316 242141 317 242966 317 243791 317 244616 317 245441 317 246266 317 247091 317 247915 318 248739 319 249564 319 250387 321 251212 321 252036 320 252861 320 253685 322 254510 322 255336 321 256163 320 256989 319 257815 318 258641 318 259469 315 260295 314 261124 310 261949 310 262776 308 263601 308 264431 303 265256 304 266081 304 266906 304 267731 304 268556 305 269381 305 270207 305 271043 294 271874 289 272701 288 273531 283 274359 280 275187 277 276014 274 276842 271 277669 269 278499 263 279326 261 280162 250 280990 246 281826 235 282652 232 283486 20 283516 193 284314 14 284344 190 285188 169 286017 164 286845 159 287672 155 288499 151 289327 146 290154 141 290980 138 291809 132 292636 126 293481 104 294309 99 295141 91 295969 85 296823 21 296857 19 297651 15 297685 13'
 ''
 '105150 13 105972 19 106782 70 107604 77 108406 101 109227 105 110024 133 110807 2 110845 137 111632 3 111652 155 112457 4 112474 158 113281 176 114104 179 114926 182 115748 185 116558 205 117382 206 118198 215 119022 216 119837 226 120660 228 121479 250 122302 256 123123 282 123946 287 124767 310 125590 315 126413 329 127236 335 128055 352 128878 356 129701 367 130523 372 131346 381 132167 388 132991 396 133814 401 134637 410 135460 415 136283 425 137107 430 137931 431 138755 436 139580 436 140404 439 141228 440 142052 442 142876 443 143701 443 144526 443 145350 444 146175 444 146999 446 147824 446 148649 446 149473 447 150298 447 151123 444 151947 445 152772 445 153597 445 154421 322 154748 119 155246 308 155559 6 155576 2 155583 107 156069 291 156429 83 156894 291 157260 74 157718 292 158099 10 158119 33 158543 292 158928 3 158947 19 159366 294 159772 15 160190 294 160597 13 161014 292 161422 3 161838 292 162663 283 163486 280 164311 280 165136 272 165411 4 165960 270 166784 268 167608 266 168432 263 169257 259 170081 257 170906 252 171729 251 172554 247 173378 244 174202 242 175026 239 175850 236 176674 234 177499 229 178323 228 179147 223 179972 221 180796 216 181620 214 182445 211 183269 208 184093 206 184917 204 185741 38 185841 95 186565 35 186669 89 187389 33 188212 25 189036 26 189861 26 190686 20 191511 15 192336 14 193161 14 193986 13 194811 11 195637 9 196466 5 197293 3 198120 1 229474 9 229562 15 229648 5 230297 11 230311 2 230354 126 231122 11 231136 6 231176 130 231944 14 231961 183 232766 17 232786 189 233589 19 233611 195 234412 221 235236 227 236061 230 236886 233 237711 238 238535 244 239359 247 240184 250 241009 252 241840 249 242669 248 243494 251 244320 253 245145 257 245972 259 246237 2 246798 267 247625 266 248451 267 249278 267 250105 268 250930 276 251757 274 252583 275 253409 276 254236 274 255062 274 255888 275 256714 275 257540 275 258365 276 259190 279 260015 280 260840 284 261666 283 262491 285 263316 285 264142 289 264967 289 265792 289 266618 288 267444 287 268269 287 269094 287 269919 288 270745 298 271570 304 272396 305 273221 310 274046 313 274872 315 275697 317 276523 319 277348 321 278173 326 278999 327 279824 338 280650 340 281475 351 282301 351 283126 360 283506 10 283953 361 284328 16 284779 406 285605 405 286431 404 287258 402 288085 400 288912 398 289740 395 290568 395 291395 395 292222 395 293049 394 293877 392 294704 392 295530 392 296358 399 297186 396 298012 400 298841 396 299669 394 300498 391 301327 387 302156 384 302987 378 303814 376 304643 372 305471 369 306307 358 307135 355 307969 346 308798 342 309632 333 310459 331 311287 328 312115 326 312942 324 313768 323 314594 322 315419 322 316244 323 317069 323 317894 8 317911 306 318720 7 318739 303 319548 4 319566 63 319631 236 320375 2 320392 61 320459 55 320517 175 321218 59 321285 54 321342 175 322044 38 322085 4 322093 7 322113 229 322870 32 322911 3 322920 4 322950 45 323008 159 323695 32 323737 2 323745 2 323775 44 323836 156 324521 30 324562 2 324661 156 325346 30 325486 156 326171 30 326311 156 326996 30 327136 156 327821 30 327961 7 327975 142 328646 8 328658 2 328664 12 328786 4 328803 139 329489 12 329629 138 330316 10 330457 135 331143 7 331284 133 332113 129 332938 129 333765 127 334592 125 335419 123 336245 122 337073 119 337902 114 338729 112 339557 109 340384 106 341212 103 342037 103 342865 100 343692 98 344520 95 345347 93 346174 91 347002 88 347830 85 348657 83 349485 80 350312 77 351140 74 351967 72 352796 68 353623 65 354451 62 355279 59 356108 54 356935 52 357762 50 358589 47 359417 44 360245 41 361074 37 361902 33 362731 29 363559 26 364389 20 365215 19 366043 16 366871 12 367699 8 368528 4'
 '165408 3 166230 9 167052 12 167874 15 168695 19 169516 24 170338 27 171158 32 171980 35 172801 40 173622 44 174444 47 175265 51 176086 55 176908 58 177728 63 178551 65 179370 71 180193 73 181012 79 181834 82 182656 86 183477 90 184299 93 185121 96 185779 62 185936 107 186600 69 186758 110 187422 271 188237 281 189062 281 189887 281 190712 281 191537 281 192363 280 193189 279 194015 278 194841 277 195667 276 196492 276 197319 274 198144 274 198969 274 199795 274 200620 274 201445 274 202271 273 203096 274 203922 273 204747 273 205573 272 206398 272 207223 272 208048 271 208873 270 209698 268 210523 257 211347 257 212172 252 212997 251 213821 252 214646 252 215470 258 216294 260 217119 268 217943 272 218767 276 219591 277 220416 277 221240 278 222063 280 222888 280 223713 280 224537 281 225361 282 226183 285 227008 285 227833 285 228658 285 229483 79 229577 71 229653 115 230308 3 230313 41 230480 112 231133 3 231142 34 231306 111 231958 3 232144 98 232783 3 232975 91 233608 3 233806 85 234633 83 235463 78 236291 75 237119 72 237949 67 238779 62 239606 60 240434 57 241261 55 242089 52 242917 49 243745 46 244573 43 245402 39 246231 6 246239 27 247065 26 247891 24 248718 21 249545 19 250373 14 251206 6 252031 5 252858 3']"
img_0925.png,['shoes' 'pants' 'dress' 'coat' 'shirt'],"['155046 2 155867 8 156692 18 157517 19 158341 20 159165 21 159990 21 160814 23 161638 24 162462 25 163287 26 164112 26 164937 26 165762 26 166587 26 167413 25 168238 25 169053 35 169876 37 170698 41 171523 41 172348 41 173172 43 173997 43 174821 43 175646 43 176470 44 177295 44 178119 45 178943 46 179739 4 179766 48 180564 8 180589 50 181389 75 182214 75 183039 75 183864 75 184689 71 185514 71 186339 71 187164 71 187989 70 188814 69 189639 69 190464 68 191289 67 192114 67 192939 66 193762 68 194587 66 195412 66 196236 66 197060 67 197884 67 198709 67 199534 66 200358 67 201183 66 202008 66 202833 65 203658 64 204483 63 205308 62 206133 62 206959 61 207817 12 207836 9 208645 5 227616 4 228437 8 229257 13 230078 17 230105 5 230897 38 231722 38 232547 38 233372 43 233431 8 234197 43 234255 11 235022 43 235078 14 235847 43 235903 15 236672 43 236727 17 237497 43 237552 17 238322 73 239147 73 239972 74 240797 74 241622 74 242447 74 243272 74 244097 75 244922 75 245746 76 246571 76 247396 76 248220 78 249045 78 249869 79 250693 80 251517 81 252341 82 253165 83 253989 84 254814 84 255639 84 256464 84 257289 83 258114 12 258135 62 258962 59 259789 57 260616 54 261444 51 262270 49 263098 45 263931 37 264760 31 265589 26 266416 22 267245 13 268073 6'
 '141571 7 142394 11 143219 30 144045 32 144872 32 145698 34 146525 41 147350 44 148175 49 149000 52 149825 55 150650 57 151475 60 152300 62 153125 64 153950 66 154775 70 155600 72 156425 76 157250 79 158075 80 158900 85 159725 105 160550 108 161375 115 162200 117 163025 119 163850 122 164675 124 165500 124 166325 124 167150 124 167975 124 168800 124 169625 125 170450 125 171276 124 172101 125 172927 124 173752 124 174577 125 175402 125 176227 125 177052 125 177878 124 178703 124 179528 124 180349 128 181174 129 181999 129 182824 129 183648 130 184473 130 185298 130 186123 130 186948 129 187773 129 188598 129 189423 129 190248 128 191073 128 191898 128 192723 127 193548 127 194373 127 195199 126 196024 126 196850 125 197675 125 198500 125 199325 125 200150 126 200975 126 201799 125 202624 90 202716 32 203448 90 203541 8 203561 10 204273 88 204366 8 205097 86 205194 4 205922 81 206747 78 207571 77 208396 75 209221 73 210046 73 210870 73 211695 71 212520 69 213344 67 214169 64 214994 62 215819 61 216644 61 217469 61 218294 61 219119 61 219944 61 220769 61 221594 61 222419 61 223244 61 224069 61 224894 61 225719 60 226544 60 227369 60 228194 65 229019 75 229844 78 230669 80 231494 82 232320 81 233145 84 233970 89 234796 90 235621 92 236447 93 237272 115 238097 118 238923 118 239748 120 240573 129 241398 129 242223 129 243048 129 243873 129 244698 129 245523 129 246348 124 247173 124 247998 125 248823 125 249648 125 250473 126 251298 126 252123 126 252948 126 253774 125 254599 125 255424 125 256249 125 257074 125 257900 124 258726 123 259551 123 260376 123 261202 122 262027 122 262852 122 263677 122 264502 121 265326 120 266151 118 266975 119 267800 119 268625 119 269450 119 270275 119 271100 119 271925 119 272750 119 273574 120 274399 120 275224 120 276048 119 276873 117 277698 116 278523 65 278591 44 279348 65 279416 37 280173 34 280220 15 280241 30 280999 32 281049 9 281066 24 281824 31 281905 2 282649 31 283475 30 284300 28 285125 28 285950 27 286775 26 287600 24 288425 22 289250 21 290076 18 290901 16 291727 12 292552 6'
 ''
 '99312 6 100134 14 100959 15 101782 18 102606 20 103429 22 104253 24 105077 25 105897 31 106721 34 107546 35 108368 39 109188 45 110013 46 110837 47 111661 49 112486 50 113309 52 114133 54 114956 57 115779 59 116602 63 117425 66 118248 69 119071 72 119889 81 120712 83 121537 83 122362 83 123187 83 124010 85 124832 81 125656 78 126478 81 127301 84 128124 86 128947 89 129769 92 130592 94 131416 96 132238 100 133061 102 133884 105 134705 109 135530 110 136353 113 137176 115 138000 117 138824 119 139648 120 140472 122 141297 123 142122 124 142947 125 143185 11 143772 125 144006 15 144597 126 144824 22 145422 126 145643 28 146246 127 146464 32 147068 132 147285 36 147884 142 148109 44 148707 144 148934 44 149529 150 149759 44 150353 151 150584 44 151173 158 151409 44 151996 160 152234 44 152820 162 153059 44 153644 164 153883 45 154467 166 154708 45 155290 169 155532 46 156113 171 156356 47 156934 176 157180 48 157757 178 158000 54 158582 178 158825 54 159406 181 159649 55 160230 182 160472 58 161054 184 161295 60 161878 186 162118 62 162702 189 162941 64 163526 190 163765 65 164351 194 164587 68 165174 199 165409 71 165999 205 166232 73 166824 208 167047 4 167056 74 167648 211 167870 85 168473 213 168694 86 169297 308 170122 308 170946 309 171771 309 172595 309 173420 309 174244 310 175069 309 175893 310 176718 310 177543 309 178368 309 179193 309 180018 309 180843 308 181668 307 182492 308 183316 309 184141 309 184966 308 185791 308 186616 308 187440 309 188265 309 189089 310 189913 311 190737 29 190776 273 191561 19 191608 266 192385 19 192436 263 193210 15 193263 261 194034 15 194090 259 194859 13 194918 256 195683 13 195746 253 196508 12 196574 251 197333 11 197404 246 198161 6 198232 243 198986 5 199061 239 199811 4 199890 236 200637 2 200721 230 201550 226 202380 221 203210 216 204039 213 204868 209 205699 203 206528 200 207360 193 208188 191 209018 186 209846 184 210678 177 211506 170 212340 161 213168 158 213996 155 214824 152 215652 153 216480 150 217308 147 218133 147 218958 147 219783 147 220608 147 221433 147 222258 147 223083 147 223905 150 224727 152 225546 158 226367 162 227182 172 228005 173 228824 179 229646 182 230466 186 231288 189 232106 196 232928 198 233748 203 234569 207 235390 211 236211 215 237030 221 237851 225 238670 231 239492 234 240312 239 241134 242 241957 244 242777 249 243599 252 244421 255 245244 257 246066 260 246890 261 247657 2 247713 263 248482 6 248536 265 249307 6 249359 267 250132 6 250182 269 250957 6 251005 271 251782 6 251829 272 252607 7 252652 274 253432 12 253473 278 254257 16 254296 280 255081 320 255906 320 256731 320 257557 319 258383 318 259208 318 260033 318 260859 317 261685 316 262511 315 263337 314 264164 312 264989 312 265814 312 266639 312 267464 312 268289 312 269114 312 269939 312 270764 312 271589 312 272414 312 273239 312 274064 312 274889 312 275714 231 275949 77 276539 229 276775 76 277364 227 277609 67 278189 211 278436 65 279014 209 279264 62 279840 198 280090 61 280665 195 280917 59 281490 194 281744 57 282316 191 282571 55 283141 189 283398 53 283966 189 284224 52 284792 187 285050 51 285617 186 285877 49 286443 184 286703 48 287268 183 287528 48 288094 181 288353 48 288922 177 289175 51 289750 172 289998 53 290576 170 290820 56 291402 168 291644 57 292228 166 292468 58 293054 164 293291 59 293879 163 294116 59 294706 161 294940 59 295531 160 295764 60 296356 159 296588 61 297182 158 297411 63 298008 156 298234 65 298834 154 299057 66 299660 153 299880 68 300486 151 300703 69 301312 149 301527 70 302138 148 302352 69 302965 145 303177 69 303791 143 304002 67 304617 142 304827 65 305443 140 305652 63 306270 137 306479 55 307098 134 307309 47 307925 131 308751 129 308941 2 309578 127 309752 5 309765 3 310405 124 310576 9 310588 6 311231 122 311400 19 312058 120 312225 19 312885 117 313049 20 313712 114 313873 20 314540 111 314697 20 315367 108 315522 20 316194 106 316347 19 317021 103 317171 19 317849 100 317996 18 318676 98 318819 19 319504 94 319643 19 320330 93 320466 20 321157 91 321288 22 321984 89 322109 25 322811 148 323639 144 324466 141 325291 140 326118 138 326946 134 327774 130 328600 128 329428 102 330255 97 331082 94 331909 90 332737 86 333565 83 334392 80 335224 71 336050 68 336877 65 337704 62 338532 58 339357 58 340182 55 341007 54 341834 51 342660 49 343487 45 344315 42 345143 38 345969 36 346794 36 347619 34 348445 32 349271 31 350097 30 350924 26 351751 23 352578 20 353405 17 354232 15 355060 12 355887 7 356713 4'
 '124913 7 125734 12 126559 17 127385 18 128210 24 129036 26 129861 29 130686 31 131512 33 132338 34 133163 36 133989 36 134814 37 135640 38 136466 37 137291 38 138117 38 138943 38 139768 39 140594 38 141420 47 141557 2 142246 50 142380 8 143072 49 143201 18 143897 51 144026 19 144723 51 144852 20 145548 53 145677 21 146373 54 146503 22 147200 56 147328 22 148026 55 148153 22 148851 55 148978 22 149679 52 149803 22 150504 52 150628 22 151331 50 151453 22 152156 48 152278 22 152982 44 153103 22 153808 42 153928 22 154633 41 154753 22 155459 39 155578 22 156284 37 156403 22 157110 36 157228 22 157935 35 158054 21 158760 34 158879 21 159587 32 159704 21 160412 31 160530 20 161238 30 161355 20 162064 28 162180 20 162891 25 163005 20 163716 25 163830 20 164545 20 164655 20 165373 17 165480 20 166204 11 166305 20 167032 8 167130 20 167859 6 167955 20 168686 4 168780 20 169605 20 170430 20 171255 21 172080 21 172904 23 173729 23 174554 23 175378 24 176203 24 177028 24 177852 26 178677 26 179502 26 180327 22 181151 23 181975 24 182800 24 183625 23 184450 23 185274 24 186099 24 186924 24 187749 24 188574 24 189399 24 190224 24 190766 10 191049 24 191580 28 191874 24 192404 32 192699 24 193225 38 193524 24 194049 41 194349 24 194872 46 195174 25 195696 50 195999 25 196520 54 196825 25 197344 60 197650 25 198156 5 198167 65 198475 25 198981 5 198991 70 199300 25 199805 6 199815 75 200126 24 200630 7 200639 82 200951 24 201455 95 201776 23 202280 100 202601 23 203105 105 203426 22 203930 109 204252 21 204755 113 205077 20 205580 119 205902 20 206405 123 206728 19 207230 4 207240 120 207553 18 208069 119 208379 17 208897 121 209204 17 209724 122 210030 16 210550 128 210855 15 211376 130 211676 19 212202 138 212501 19 213028 140 213326 18 213854 142 214151 18 214680 144 214976 18 215505 147 215805 14 216330 150 216630 14 217156 152 217455 14 217981 152 218280 14 218806 152 219105 14 219632 151 219930 14 220457 151 220755 14 221282 151 221580 14 222107 151 222405 14 222938 145 223230 14 223763 142 224055 14 224588 139 224879 15 225413 133 225704 15 226239 128 226529 15 227065 117 227354 15 227890 115 228178 16 228717 107 229003 16 229542 104 229828 16 230367 99 230652 17 231192 96 231477 17 232017 89 232302 18 232841 87 233126 19 233665 83 233951 19 234489 80 234776 20 235314 76 235601 20 236138 73 236426 21 236961 69 237251 21 237782 69 238076 21 238607 63 238901 22 239431 61 239726 22 240255 57 240551 22 241079 55 241376 22 241902 55 242201 22 242726 51 243026 22 243549 50 243851 22 244373 48 244676 22 245196 48 245501 22 246019 47 246326 22 246842 48 247151 22 247665 48 247976 22 248488 48 248801 22 249313 46 249626 22 250138 44 250451 22 250963 8 250973 32 251276 22 251788 8 251798 31 252101 22 252614 7 252623 29 252926 22 253444 2 253448 25 253751 23 254273 23 254576 23 255401 23 256226 23 257051 23 257876 24 258701 25 259526 25 260351 25 261176 26 262001 26 262826 26 263651 26 264476 26 265301 25 266126 25 266951 24 267776 24 268601 24 269426 24 270251 24 271076 24 271901 24 272726 24 273551 23 274376 23 275201 23 275945 4 276026 22 276768 7 276851 22 277591 9 277676 22 278400 23 278501 22 279223 25 279326 22 280038 35 280151 22 280860 39 280976 23 281684 40 281801 23 282507 43 282626 23 283330 45 283451 24 284155 45 284276 24 284979 47 285101 24 285803 48 285926 24 286627 50 286751 24 287451 52 287576 24 288275 54 288401 24 289099 56 289226 24 289922 59 290051 25 290746 61 290876 25 291570 63 291701 26 292394 65 292526 26 293218 68 293350 27 294042 69 294175 27 294867 69 294999 28 295691 70 295824 28 296515 71 296649 21 297340 71 297474 15 298164 70 298299 15 298988 69 299123 16 299813 67 299948 16 300637 66 300772 17 301461 64 301597 17 302286 62 302421 18 303110 63 303246 18 303934 62 304072 17 304759 61 304897 17 305583 62 305722 17 306407 62 306547 5 307232 61 308056 62 308880 61 309705 47 309757 8 310529 47 310585 3 311353 47 312178 47 313002 47 313826 47 314651 46 315475 47 316300 47 317124 47 317949 47 318774 45 319598 45 320423 43 321248 40 322073 36']"
img_0570.png,['shoes' 'pants' 'dress' 'coat' 'shirt'],"['117923 3 118748 4 119573 5 120397 8 121222 10 122047 11 122872 12 123697 14 124522 16 125316 2 125347 16 126132 3 126141 4 126172 16 126957 3 126966 6 126997 16 127782 7 127791 8 127822 16 128607 18 128647 16 129432 23 129457 9 129470 18 130257 56 131082 55 131907 55 132732 57 133557 57 134382 58 135207 58 136032 58 136857 58 137682 58 138507 58 139332 59 140157 59 140981 60 141806 61 142631 61 143455 62 144279 65 145103 67 145928 67 146752 68 147576 69 148399 71 149221 74 150046 74 150871 18 150901 44 151696 15 151732 38 152521 13 152559 35 153346 8 153387 32 154171 5 154216 27 155043 25 155870 22 156697 20 157525 15 158352 13 159179 9 207870 8 208695 9 209517 12 210341 13 211150 6 211165 11 211975 26 212800 26 213624 27 214432 13 214448 28 215254 17 215273 28 216075 52 216900 52 217725 52 218550 52 219375 52 220201 51 221026 51 221852 50 222679 48 223504 48 224328 49 225152 49 225976 49 226801 49 227626 48 228451 48 229276 47 230100 48 230924 48 231749 48 232574 48 233399 47 234224 46 235049 45 235874 45 236699 43 237524 41 238349 41 239174 7 239198 13'
 '121977 13 122800 25 123615 38 124439 40 125263 41 126087 42 126912 42 127697 2 127718 6 127736 43 128521 3 128542 9 128560 44 129345 4 129367 11 129384 46 130168 11 130190 16 130209 48 130990 92 131809 98 132632 100 133455 102 134272 4 134278 104 135089 118 135912 120 136728 129 137552 130 138250 19 138280 21 138375 132 139072 24 139102 27 139199 133 139886 83 140019 138 140709 88 140842 139 141528 101 141654 152 142352 106 142475 156 143173 282 143995 284 144817 286 145640 288 146463 289 147286 290 148100 299 148922 299 149744 302 150567 301 151388 304 152210 307 153028 293 153328 14 153853 289 154159 4 154673 294 154986 2 155496 296 156320 297 157144 297 157968 297 158792 294 159616 295 160441 285 160732 4 161258 281 161559 2 162083 279 162906 277 163730 276 164554 275 165379 272 166204 269 167029 268 167856 262 168681 261 169505 258 170326 259 171151 257 171976 254 172802 251 173628 248 174453 242 175278 240 176103 234 176930 229 177756 222 178582 220 179408 217 180234 212 181059 207 181884 202 182707 201 183532 198 184357 197 185182 196 186007 191 186832 188 187657 185 188482 181 189307 181 190132 180 190957 176 191782 174 192606 174 193430 173 194254 172 195078 173 195903 170 196727 170 197552 166 198376 166 199201 165 200026 162 200849 162 201674 161 202499 160 203324 157 204148 155 204972 154 205796 153 206620 152 207445 149 208270 147 209095 132 209920 128 210745 126 211570 126 212396 124 213222 122 214047 122 214420 2 214873 121 215245 5 215699 120 216069 6 216524 120 216870 16 216893 7 217350 119 217673 41 217718 7 218177 117 218496 54 219002 118 219309 66 219828 118 220132 69 220653 118 220951 75 221478 118 221774 78 222303 118 222589 90 223128 118 223338 8 223352 6 223412 92 223953 118 224158 170 224778 118 224980 172 225603 119 225796 180 226428 120 226619 182 227253 121 227414 212 228080 120 228236 215 228905 371 229731 369 230556 368 231382 367 232207 367 233033 366 233859 365 234684 365 235509 365 236334 365 237159 365 237984 365 238809 365 239634 358 240459 356 241284 355 242108 352 242932 352 243756 352 244580 350 245405 348 246230 346 247054 323 247879 321 248703 310 249528 307 250353 303 251178 294 251474 3 252003 293 252826 294 253651 292 254476 290 255300 289 256124 288 256949 283 257774 280 258598 276 259422 274 260247 271 261072 269 261897 258 262720 260 263545 260 264370 260 265195 260 266020 241 266845 240 267670 239 268494 238 269318 238 270143 234 270968 212 271189 6 271793 207 272619 203 273445 187 273644 3 274270 184 275094 167 275917 147 276742 147 277567 147 278392 127 278535 4 279217 126 280042 123 280867 61 280930 58 281693 60 281756 52 282521 57 282582 48 283352 50 283407 47 284179 47 284232 46 285009 34 285045 5 285057 46 285836 30 285882 46 286668 19 286707 19 287494 16 287532 16'
 ''
 '146200 20 147024 21 147847 23 148672 23 149496 25 150320 27 151145 32 151970 34 152795 38 153620 44 153690 4 154445 46 154514 7 155270 48 155338 9 156095 51 156154 19 156920 78 157745 78 158570 78 159395 78 160220 79 161045 79 161870 80 162059 6 162695 81 162884 8 163520 81 163709 10 164345 81 164535 11 165171 80 165360 12 165996 80 166186 13 166821 80 167011 14 167647 79 167837 13 168472 79 168662 14 169297 83 169487 14 170122 89 170312 14 170947 102 171137 14 171772 129 171910 7 171961 15 172597 145 172786 16 173422 148 173610 18 174246 150 174435 18 175071 151 175260 18 175895 154 176085 18 176720 156 176910 20 177545 158 177735 21 178370 159 178559 23 179195 162 179383 25 180020 167 180208 26 180846 166 181033 26 181672 165 181857 27 182497 170 182681 26 183322 172 183504 28 184148 209 184974 208 185800 207 186626 206 187452 205 188278 204 189103 204 189928 204 190753 3 190761 196 191589 193 192418 188 193247 183 194075 179 194902 176 195729 174 196556 171 197383 169 198211 165 199038 163 199865 161 200691 158 201517 157 202344 155 203171 9 203182 142 203998 7 204007 141 204825 5 204832 140 205653 2 205657 139 206482 138 207307 138 208132 138 208958 137 209784 136 210609 136 211434 136 212258 138 213082 140 213906 141 214729 144 215552 147 216376 148 217200 150 218023 154 218846 156 219670 158 220494 159 221319 159 222142 161 222965 163 223789 164 224611 167 225435 168 226258 170 227082 171 227905 175 228728 177 229552 179 230376 180 231198 184 232021 186 232845 188 233668 191 234491 193 235312 197 236136 198 236959 200 237782 202 238605 204 239427 207 240248 211 241072 212 241891 217 242716 216 243541 215 244366 214 245191 214 246016 214 246840 214 247665 214 248490 213 249316 212 250142 211 250967 211 251793 210 252618 208 253444 207 254269 207 255095 205 255920 204 256745 204 257570 204 258395 203 259221 201 260046 201 260872 200 261697 200 262522 198 263347 198 264172 198 264997 198 265822 198 266647 198 267472 78 267552 118 268297 71 268381 113 269122 68 269209 109 269948 65 270045 50 270101 42 270773 62 270873 45 270929 39 271599 58 271759 34 272424 55 272586 33 273249 50 273415 30 274074 48 274243 27 274899 44 275071 23 275724 41 275899 18 276549 38 276727 15 277374 36 277554 13 278199 33 278381 11 279029 24 279208 9 279856 18 280035 7 280682 15 280862 5 281508 10 282334 7 283160 6'
 '']"
img_0747.png,['shoes' 'pants' 'dress' 'coat' 'shirt'],"[''
 '145103 19 145927 34 146742 52 147564 63 148386 68 149208 74 150026 85 150850 89 151664 103 152486 106 153301 118 154124 120 154926 143 155748 147 156550 171 157371 176 158180 192 159002 195 159819 204 160641 207 161462 212 162283 216 163104 220 163926 224 164748 227 165570 230 166389 236 167212 239 168032 244 168695 3 168854 247 169518 5 169674 253 170340 10 170381 8 170419 3 170496 256 171165 20 171204 46 171315 262 171991 19 172018 60 172137 265 172816 19 172840 64 172938 289 173641 19 173664 67 173760 292 174466 3 174472 405 175291 3 175297 405 176116 410 176944 407 177769 407 178594 406 179419 406 180244 404 181069 404 181894 402 182718 401 183542 400 184367 396 185192 392 186017 389 186842 386 187667 383 188492 381 189317 378 190142 376 190967 372 191792 370 192616 368 193440 366 194265 364 195090 362 195915 358 196740 356 197565 348 198390 346 199215 334 200040 332 200865 316 201690 314 202515 301 203340 298 204165 278 204990 276 205814 263 206638 262 207463 248 208288 246 209113 230 209938 228 210763 202 211588 200 212413 176 213238 174 214063 156 214888 154 215713 142 216538 140 217363 132 218188 130 218518 13 219012 121 219324 45 219836 120 220146 53 220661 110 220968 63 221486 108 221788 70 222311 99 222606 80 223136 96 223427 87 223961 87 224250 92 224786 84 225071 99 225611 78 225891 107 226436 76 226714 112 227261 75 227536 117 228086 75 228358 122 228911 75 228995 53 229152 154 229736 75 229818 75 229952 181 230561 397 231386 398 232211 398 233036 399 233861 399 234686 399 235511 400 236336 400 237161 400 237986 401 238810 402 239634 403 240459 403 241284 404 242109 404 242934 404 243759 404 244584 404 245409 403 246234 403 247059 403 247884 402 248709 402 249534 402 250359 401 251184 400 252009 400 252834 400 253659 399 254484 398 255308 398 256132 399 256957 397 257782 396 258607 396 259432 394 260257 376 261082 374 261907 356 262732 354 263557 336 264382 334 265206 325 266030 324 266855 314 267680 312 268505 302 269330 300 270155 288 270980 286 271805 274 272630 272 273455 258 274280 256 275105 241 275930 238 276755 217 277580 215 278405 181 279230 178 280055 151 280880 148 281705 123 282530 120 283355 97 284180 94 285006 78 285831 75 286661 55 287486 52 288311 35 289136 32 289969 21 290796 15 291623 11'
 ''
 '131539 39 132356 47 133141 9 133179 49 133962 19 133996 57 134780 98 135602 102 136419 110 137241 113 138040 139 138862 142 139678 151 140500 154 141318 161 142140 164 142958 166 143780 169 144595 179 145418 181 146236 193 147058 196 147862 217 148684 220 149503 226 150326 228 151150 229 151965 6 151974 230 152790 239 153615 239 154440 239 155265 238 156087 207 156309 3 156316 10 156912 206 157141 8 157737 202 157966 4 158561 201 159385 202 160210 202 161034 203 161859 205 162683 207 163508 207 164333 208 165158 208 165983 213 166808 213 167633 213 168458 213 169283 213 170108 213 170933 213 171758 213 172583 213 173409 210 174234 210 175059 211 175885 210 176710 210 177535 210 178361 209 179186 210 180012 209 180837 210 181662 210 182487 210 183312 210 184137 210 184962 210 185787 210 186611 211 187436 211 188260 212 189085 212 189910 212 190734 213 191559 213 192383 214 193208 214 194031 216 194856 216 195681 216 196506 216 197331 216 198156 216 198981 215 199806 214 200631 214 201456 214 202282 7 202303 191 203132 187 203960 183 204788 180 205614 178 206443 174 207271 170 208099 165 208927 161 209755 157 210585 144 211413 139 212243 126 213071 121 213902 111 214729 107 215563 85 216391 79 217223 33 217263 19 218051 28 218089 15 218885 16 218914 9 219713 11 219739 2 220540 7 243536 2 243554 47 244361 3 244376 63 245186 89 246011 102 246836 124 247661 126 248486 133 249311 135 250136 141 250961 144 251786 157 252611 157 253436 158 254262 159 255088 159 255914 161 256740 164 257567 166 258394 166 259220 167 260046 171 260872 173 261698 175 262524 177 263357 169 264182 171 265008 170 265834 169 266668 160 267494 159 268321 157 269151 153 269981 148 270806 148 271631 148 272456 148 273281 148 274106 149 274931 149 275756 150 276581 150 277406 150 278231 150 279017 12 279040 5 279048 2 279056 150 279842 189 280668 188 281494 186 282320 184 283148 181 283977 177 284803 176 285630 175 286457 173 287284 172 288115 166 288941 167 289130 2 289770 173 289954 15 290604 192 291434 189 292262 186 293096 177 293923 175 294758 165 295583 165 296415 158 297242 156 298067 155 298892 12 298906 140 299717 11 299743 128 300544 8 300571 125 301407 114 302235 110 303079 91 303906 88 304750 69 305580 64 306414 55 307243 51 308076 43 308904 40 309740 29 310569 25 311400 18 312228 15 313055 12 313883 8'
 '167846 5 168671 8 169496 13 170321 14 171146 17 171971 18 172796 18 173619 20 174444 20 175270 19 176095 21 176920 24 177745 24 178570 24 179396 23 180221 23 181047 22 181872 22 182697 21 183522 20 184347 20 185172 20 185997 20 186822 20 187647 20 188472 20 189297 20 190122 20 190947 20 191772 20 192597 19 193422 18 194247 18 195072 18 195897 18 196722 18 197547 18 198372 18 199196 19 200020 20 200845 20 201670 20 202289 14 202494 21 203110 22 203319 21 203935 25 204143 22 204760 28 204968 22 205585 29 205792 22 206410 33 206617 21 207236 35 207441 22 208062 37 208264 24 208887 40 209088 25 209712 43 209912 26 210537 48 210729 34 211362 51 211552 36 212187 56 212369 44 213012 59 213192 46 213837 65 214013 50 214662 67 214836 52 215487 76 215648 65 216312 79 216470 68 217137 86 217282 81 217962 89 218104 84 218787 98 218923 89 219612 101 219743 93 220437 103 220568 93 221262 106 221393 93 222087 106 222218 93 222912 106 223043 93 223737 106 223869 92 224562 106 224694 92 225387 106 225519 92 226212 107 226344 92 227037 107 227169 92 227862 110 227994 92 228687 112 228818 93 229512 112 229643 93 230337 113 230468 93 231162 115 231290 96 231987 117 232114 97 232812 119 232937 99 233637 224 234462 224 235287 224 236112 224 236937 224 237762 224 238587 223 239412 222 240237 222 241062 222 241887 222 242712 222 243538 16 243601 158 244364 12 244439 145 245275 134 246113 121 246960 99 247787 97 248619 90 249446 88 250277 82 251105 79 251943 66 252768 66 253594 65 254421 63 255247 61 256075 57 256904 53 257733 49 258560 47 259387 45 260217 40 261045 37 261873 34 262701 31 263526 31 264353 29 265178 28 266003 27 266828 27 267653 27 268478 27 269304 26 270129 26 270954 26 271779 26 272604 26 273429 26 274255 25 275080 25 275906 24 276731 24 277556 24 278381 24 279206 24 280031 24 280856 24 281680 25 282504 26 283329 26 284154 26 284979 27 285805 26 286630 31 287456 30 288281 30 289108 22 289132 4 289943 11 292448 9 293273 9 294098 9 294923 9 295748 8 296573 6']"
img_0187.png,['shoes' 'pants' 'dress' 'coat' 'shirt'],"['139315 3 140140 4 140965 7 141790 9 142615 12 142686 7 143441 15 143511 11 144266 17 144336 18 145092 25 145161 21 145917 25 145986 23 146742 25 146811 24 147567 26 147644 16 148392 26 148469 16 149219 21 149294 17 150044 21 150119 18 150869 20 150943 19 151694 19 151768 8 151781 8 152520 17 152593 7 152606 10 153345 17 153418 6 153432 9 154170 17 154243 6 154257 10 154996 16 155068 6 155082 10 155821 15 155893 5 155908 10 156646 15 156718 5 156733 11 157471 14 157543 5 157559 10 158296 14 158368 5 158384 11 159121 14 159193 5 159209 11 159946 14 160018 5 160034 11 160771 14 160843 5 160859 11 161596 14 161667 6 161684 11 162421 14 162492 6 162509 11 163245 15 163317 6 163334 11 164070 15 164142 6 164159 11 164895 15 164967 6 164984 11 165720 15 165792 6 165809 11 166545 8 166617 6 166634 11 167369 8 167442 28 168194 7 168266 29 169019 6 169091 29 169844 5 169916 29 170741 29 171566 30 172392 29 173217 29 174043 29 174868 29 175695 28 176520 29 177345 29 178170 31 178995 31 179820 7 179838 13 180645 7 180663 13 181470 7 181488 13 182295 7 182314 12 183120 7 183139 12 183945 7 183964 12 184770 7 184790 10 185596 6 185615 9 186421 6 186440 9 187246 6 187265 9 188071 7 188090 8 188897 6 188916 6 189723 6 189741 6 190548 6 190566 6 191373 6 191392 5 192198 6 192217 5 193023 6 193042 5 193848 7 193867 5 194673 7 194692 5 195517 5 196342 5 197167 5 197981 16 198806 10 199555 9 199632 9 200379 10 200457 11 201202 12 201277 16 202024 15 202102 19 202849 16 202927 19 203673 17 203753 18 204498 18 204578 17 205323 18 205404 16 206148 18 206229 15 206974 18 207054 15 207800 17 207879 15 208626 16 208702 16 209451 17 209527 16 210276 17 210352 15 211102 16 211177 15 211927 16 212002 13 212752 16 212827 12 213577 16 213652 10 214402 16 214477 2 215227 16 216052 16 216877 16 216945 4 217701 17 217767 7 218526 17 218589 10 219351 16 219406 18 220176 16 220230 19 221000 17 221054 20 221825 18 221879 20 222653 15 222704 20 223478 15 223529 19 224303 15 224354 19 225124 19 225179 19 225948 18 226004 16 226773 18 227598 18 228423 18 229248 18 230075 16'
 '130125 3 130217 14 130947 6 131042 15 131767 23 131863 20 132588 29 132634 8 132687 22 133411 67 133509 27 134234 74 134332 29 135028 159 135851 162 136637 201 137462 201 138287 202 139112 203 139937 203 140762 203 141587 203 142412 203 143237 204 144062 204 144887 205 145712 205 146537 205 147360 207 148182 210 149005 214 149830 214 150653 216 151474 220 152294 3 152299 221 153119 226 153943 227 154768 228 155592 229 156413 233 157237 234 158060 236 158883 238 159708 238 160529 242 161351 245 162175 246 162999 246 163823 247 164575 9 164647 248 165398 22 165472 248 166172 26 166206 42 166293 252 166997 78 167115 254 167822 80 167907 10 167938 256 168647 82 168731 13 168763 256 169472 97 169582 262 170297 97 170405 264 171122 372 171947 372 172772 372 173597 372 174422 372 175247 372 176072 371 176897 371 177721 371 178546 371 179370 372 180194 372 181018 373 181839 376 182662 378 183486 378 184309 305 184619 42 184663 26 185128 308 185448 33 185491 22 185953 305 186277 23 186320 18 186778 301 187103 21 187147 14 187607 291 187931 18 188432 289 188759 14 189258 278 189595 3 190083 276 190908 272 191732 270 192550 274 193375 272 194200 219 194446 24 195025 208 195274 19 195850 206 196675 201 197501 200 198326 200 199152 199 199520 5 199977 199 200338 14 200357 4 200802 199 201163 25 201627 199 201987 29 202451 236 202799 42 203275 249 203613 53 204100 256 204423 68 204934 265 205245 72 205762 267 206043 99 206587 271 206864 102 207412 379 208237 378 209063 377 209888 378 210713 378 211538 379 212364 378 213189 379 214014 380 214839 380 215664 381 216489 381 217314 381 218139 381 218964 380 219789 380 220614 380 221439 380 222264 380 223089 380 223914 380 224739 380 225564 380 226389 380 227214 380 228039 380 228863 381 229687 382 230512 382 231336 383 232161 383 232985 384 233810 384 234633 386 235458 386 236283 385 237108 385 237933 384 238758 384 239583 384 240408 384 241233 384 242058 384 242883 384 243704 388 244528 389 245352 390 246176 391 247001 391 247825 391 248650 391 249475 390 250300 390 251125 388 251950 387 252775 387 253600 385 254427 354 254794 15 255255 323 255620 12 256086 315 256448 7 256914 281 257740 277 258573 243 259400 240 260226 229 261052 225 261878 218 262703 217 263528 203 264353 200 265178 184 266003 182 266828 167 267654 163 268479 152 269305 148 270130 141 270955 138 271780 8 271791 125 272605 7 272618 120 273430 6 273445 115 274255 5 274272 111 275081 4 275101 105 275907 2 275927 102 276754 98 277583 91 278413 12 278449 47 279242 5 279278 41 280116 19 280946 11'
 '' ''
 '97693 3 98512 12 99336 13 100157 17 100978 21 101800 25 102616 35 103439 37 104263 38 105086 40 105908 43 106728 49 107551 52 108373 55 109195 58 110014 64 110837 66 111657 72 112478 77 113303 77 114128 77 114952 78 115776 79 116597 84 117420 87 118239 94 119063 95 119882 102 120705 104 121524 110 122346 111 123166 114 123988 116 124806 121 125628 122 126443 131 127265 133 128078 144 128870 10 128897 146 129694 172 130517 172 131339 173 132162 173 132984 87 133080 78 133809 84 133908 73 134634 76 134738 66 135459 74 135567 60 136283 67 136394 55 137107 66 137221 52 137930 60 138048 48 138753 60 138874 45 139578 51 139701 39 140402 49 140529 34 141227 39 141356 30 142051 39 142183 23 142876 34 143012 18 143700 31 143837 18 144524 29 144662 18 145349 26 145487 10 146175 21 147002 17 147827 16 148652 12 149477 8 150302 6 151127 3 160275 5 161100 30 161925 34 162750 60 163575 63 164399 87 165224 90 166048 109 166873 109 167697 110 168522 110 169347 110 170172 110 170997 110 171822 110 172647 109 173471 110 174291 115 175114 117 175936 120 176759 122 177583 123 178406 125 179230 126 180054 127 180878 127 181702 128 182527 127 183352 127 184177 127 185003 125 185828 125 186653 125 187478 124 188303 124 189115 137 189939 138 190762 139 191587 139 192412 138 193237 138 194062 138 194887 138 195712 138 196537 138 197362 139 198187 139 199012 140 199837 140 200662 140 201487 140 202311 140 203136 139 203960 140 204785 140 205610 140 206435 140 207260 140 208085 140 208910 140 209735 140 210560 140 211385 140 212210 140 213035 140 213859 141 214683 142 215507 143 216331 144 217155 144 217979 145 218804 144 219629 144 220454 61 220518 80 221279 60 221343 80 222113 50 222168 80 222943 45 222994 79 223772 38 223819 79 224600 9 224623 11 224644 79 225449 8 225467 81 226291 82 227113 85 227938 85 228761 86 229585 87 230409 88 231232 89 232056 90 232879 92 233703 92 234527 91 235351 91 236175 92 236999 92 237823 92 238648 92 239473 92 240298 92 241123 92 241948 92 242773 92 243598 92 244423 92 245248 91 246073 91 246898 90 247723 88 248590 46 249426 35 250272 14 251102 9 269085 5 269123 9 269906 66 270728 72 271553 87 272378 90 273203 105 274028 108 274853 113 275680 114 276505 121 277331 123 278156 130 278982 131 279807 137 279984 13 280633 139 280805 23 281458 195 282284 195 283109 195 283935 195 284761 195 285586 195 286412 195 287237 195 288063 194 288889 192 289715 188 290541 187 291368 174 292195 170 293025 146 293853 128 293983 13 294683 109 294810 9 295511 103 295636 7 296346 92 297174 88 298013 73 298842 43 298896 14 299673 11 299723 9 300550 7']"
img_0603.png,['shoes' 'pants' 'dress' 'coat' 'shirt'],"['160828 10 161650 16 162472 19 163294 23 164118 24 164941 26 165764 29 166587 31 167410 33 168197 2 168232 36 169022 5 169056 37 169847 9 169879 39 170672 12 170702 40 171497 12 171524 43 172322 13 172347 45 173147 17 173167 50 173972 70 174797 69 175622 69 176447 69 177272 69 178097 68 178922 68 179747 68 180572 67 181397 67 182221 67 183044 69 183869 69 184688 75 185513 74 186338 73 187163 73 187988 72 188812 73 189637 71 190462 70 191287 65 192112 62 192937 56 193762 54 194587 52 195412 52 196237 52 197062 52 197887 52 198711 53 199536 52 200361 52 201186 52 202011 51 202836 50 203661 49 204486 29 205311 26 206136 19 206961 14 208676 14 209498 17 210321 20 211144 22 211966 25 212789 28 213611 31 214433 34 215255 37 216076 41 216898 44 217720 47 218536 56 219348 69 220162 80 220985 81 221810 81 222635 81 223460 81 224285 80 225110 80 225935 80 226760 80 227585 79 228410 79 229235 79 230060 78 230885 78 231710 77 232535 77 233360 76 234185 76 235010 76 235835 75 236660 74 237485 73 238310 73 239137 69 239962 68 240787 66 241612 65 242437 56 243262 54 244087 42 244912 40 245737 32 246562 30 247387 26 248212 23 249037 20 249862 18 250687 14 251513 10'
 '154730 5 155544 20 156351 40 156418 5 157176 43 157240 12 158001 81 158826 85 159651 105 159772 4 159802 21 160476 109 160594 19 160626 25 161301 193 162126 198 162951 205 163776 210 164600 250 165424 255 166249 283 167074 287 167898 299 168723 299 169547 300 170372 300 171197 300 172021 301 172846 301 173671 301 174496 301 175317 305 176142 305 176966 306 177791 306 178616 306 179441 306 180266 306 181091 306 181916 305 182747 297 183572 297 184397 291 185221 292 186046 292 186871 292 187694 294 188518 294 189342 295 190166 296 190991 296 191815 297 192639 298 193464 298 194288 299 195112 300 195936 301 196760 302 197585 302 198410 301 199234 302 200059 272 200335 26 200884 271 201162 24 201708 271 201989 22 202533 188 202754 49 202816 20 203358 168 203528 16 203580 46 203643 18 204183 163 204471 15 205007 162 205299 12 205832 159 206129 7 206656 158 206956 5 207481 121 208305 121 209130 121 209954 122 210779 122 211604 122 212429 122 213253 123 214078 131 214903 140 215728 180 216553 181 217378 184 218203 187 219028 192 219853 195 220104 22 220677 201 220892 20 220925 29 220977 8 221502 205 221713 28 221748 34 221795 15 222326 284 222617 18 223150 286 223440 20 223975 310 224800 310 225624 311 226449 311 227273 312 228098 312 228923 312 229748 312 230573 312 231398 312 232223 312 233048 312 233873 312 234698 312 235522 313 236345 315 237169 316 237994 316 238818 319 239642 320 240467 320 241292 320 242117 320 242942 320 243767 320 244592 320 245417 320 246242 320 247067 320 247891 321 248715 322 249540 322 250365 312 250684 3 251190 310 252015 307 252840 305 253664 282 253954 14 254489 281 254783 7 255313 279 256138 277 256963 274 257788 271 258613 265 259438 264 260263 256 261088 254 261913 139 262060 42 262738 130 262889 37 263563 120 264388 116 265212 117 266036 112 266861 111 267686 111 268511 111 269336 111 270161 99 270986 97 271813 81 272641 75 273472 69 274297 30 274330 36 275129 18 275156 16 275188 3 275956 14 275982 13 276808 8 277633 7'
 ''
 '132254 2 133075 12 133898 16 134721 22 134775 4 135543 28 135598 8 136365 40 136417 18 137188 45 137240 21 138009 81 138833 84 139653 103 140476 106 141293 114 142116 116 142935 120 143758 122 144577 128 145400 129 146221 132 147043 135 147863 140 148686 142 149499 154 150321 157 151145 158 151968 160 152792 161 153002 23 153616 162 153824 32 154439 164 154642 46 155264 164 155464 53 156088 166 156286 65 156912 168 157103 73 157735 171 157925 76 158560 171 158746 80 159385 173 159568 83 160209 175 160390 86 161033 268 161858 268 162683 268 163507 269 164332 268 165156 268 165981 268 166806 268 167631 267 168456 267 169281 266 170106 266 170931 266 171756 265 172580 266 173404 267 174229 267 175054 263 175879 263 176703 263 177528 263 178352 264 179177 264 180002 264 180827 264 181652 264 182476 271 183301 271 184136 261 184964 257 185790 256 186618 253 187445 249 188273 245 189098 244 189926 240 190753 238 191580 235 192408 231 193234 230 194060 228 194886 226 195713 223 196540 220 197366 219 198192 218 199019 215 199846 213 200673 211 201498 210 202325 208 203152 206 203978 205 204804 203 205630 202 206456 200 207281 200 208107 198 208932 198 209758 196 210583 196 211408 196 212232 197 213056 197 213881 197 214705 198 215528 200 216352 201 217175 203 217999 204 218824 204 219647 206 220471 206 221295 207 222118 208 222942 208 223765 210 224589 211 225413 211 226237 212 227060 213 227884 214 228708 215 229531 217 230355 218 231178 220 232002 221 232825 223 233649 224 234472 226 235296 226 236119 226 236943 226 237766 228 238589 229 239412 230 240235 232 241058 234 241881 236 242703 239 243515 252 244340 252 245165 252 245990 252 246816 251 247641 250 248467 248 249292 248 250117 248 250942 248 251768 247 252593 247 253419 245 254244 245 255070 243 255896 242 256721 242 257548 240 258374 239 259200 238 260025 238 260850 238 261674 239 262499 239 263323 240 264148 240 264973 239 265798 238 266623 238 267448 238 268273 238 269098 238 269923 233 270158 3 270748 229 271573 226 272398 225 273223 214 274048 212 274874 207 275699 204 276524 201 277349 198 278174 189 279000 185 279826 162 280652 158 281478 155 282303 152 283129 151 283955 149 284780 149 285605 149 286432 146 287258 145 288086 141 288911 141 289739 139 290566 137 291395 134 292222 132 293053 126 293879 125 294707 123 295535 121 296366 116 297193 115 298024 110 298851 110 299680 107 300507 105 301335 102 302162 100 302991 96 303818 92 304649 86 305476 81 306310 70 307141 51 307194 10 307967 48 308794 26 308822 16 309621 22 309655 8 310446 21 310482 4 311273 18 312100 14 312926 12 313752 10'
 '']"
